Train dataset: 200
Valid dataset: 200
Test dataset: 200
Start the training ...
  1/ 10|   1|   6.25   6.25 |   0.26
  1/ 10|   2|   4.82   5.54 |   0.25
  1/ 10|   3|   4.45   5.18 |   0.25
  1/ 10|   4|   5.03   5.14 |   0.24
Validation results: 
{ 0.245   ,  0.239493,  0.241245,  0.243516,  0.245   ,  0.240635,
  0.242253}
  2/ 10|   1|   4.83   4.83 |   0.26
  2/ 10|   2|   5.92   5.38 |   0.25
  2/ 10|   3|   4.16   4.97 |   0.25
  2/ 10|   4|   4.41   4.83 |   0.24
Validation results: 
{ 0.255   ,  0.251387,  0.252826,  0.25395 ,  0.255   ,  0.251967,
  0.253213}
  3/ 10|   1|   3.99   3.99 |   0.26
  3/ 10|   2|   5.59   4.79 |   0.28
  3/ 10|   3|   4.41   4.66 |   0.27
  3/ 10|   4|   4.11   4.53 |   0.26
Validation results: 
{ 0.29    ,  0.289145,  0.29012 ,  0.289854,  0.29    ,  0.288862,
  0.289423}
  4/ 10|   1|   4.63   4.63 |   0.24
  4/ 10|   2|   3.31   3.97 |   0.34
  4/ 10|   3|   5.28   4.41 |   0.28
  4/ 10|   4|   3.68   4.23 |   0.30
Validation results: 
{ 0.305   ,  0.303837,  0.305199,  0.304069,  0.305   ,  0.303445,
  0.304592}
  5/ 10|   1|   4.35   4.35 |   0.28
  5/ 10|   2|   4.19   4.27 |   0.30
  5/ 10|   3|   3.52   4.02 |   0.31
  5/ 10|   4|   3.67   3.93 |   0.30
Validation results: 
{ 0.32    ,  0.318397,  0.319661,  0.319311,  0.32    ,  0.317795,
  0.31877 }
  6/ 10|   1|   3.64   3.64 |   0.30
  6/ 10|   2|   3.20   3.42 |   0.34
  6/ 10|   3|   3.57   3.47 |   0.34
  6/ 10|   4|   4.20   3.65 |   0.32
Validation results: 
{ 0.325   ,  0.323221,  0.324484,  0.324311,  0.325   ,  0.322296,
  0.323272}
  7/ 10|   1|   3.73   3.73 |   0.28
  7/ 10|   2|   3.58   3.65 |   0.29
  7/ 10|   3|   2.83   3.38 |   0.34
  7/ 10|   4|   3.36   3.38 |   0.33
Validation results: 
{ 0.325   ,  0.322353,  0.323616,  0.324311,  0.325   ,  0.320862,
  0.321838}
  8/ 10|   1|   3.37   3.37 |   0.32
  8/ 10|   2|   2.60   2.99 |   0.34
  8/ 10|   3|   3.14   3.04 |   0.33
  8/ 10|   4|   3.35   3.12 |   0.33
Validation results: 
{ 0.335   ,  0.330998,  0.332348,  0.334572,  0.335   ,  0.32882 ,
  0.329708}
  9/ 10|   1|   2.84   2.84 |   0.34
  9/ 10|   2|   3.04   2.94 |   0.35
  9/ 10|   3|   2.81   2.90 |   0.34
  9/ 10|   4|   2.77   2.87 |   0.33
Validation results: 
{ 0.335   ,  0.329108,  0.330535,  0.33438 ,  0.335   ,  0.327152,
  0.328174}
 10/ 10|   1|   2.96   2.96 |   0.26
 10/ 10|   2|   2.89   2.92 |   0.30
 10/ 10|   3|   2.91   2.92 |   0.29
 10/ 10|   4|   1.76   2.63 |   0.34
Validation results: 
{ 0.345   ,  0.338785,  0.340355,  0.343752,  0.345   ,  0.33449 ,
  0.335898}
End the training ...
Evaluation result on the testing dataset: 
{ 0.345   ,  0.338785,  0.340355,  0.343752,  0.345   ,  0.33449 ,
  0.335898}
