Start the training ...
  1/ 10|   1|   1.89   1.89 |   0.24
  1/ 10|   2|   2.04   1.97 |   0.24
  1/ 10|   3|   1.99   1.97 |   0.24
  1/ 10|   4|   1.96   1.97 |   0.23
Validation results: 
{ 0.23    ,  0.222705,  0.224625,  0.228465,  0.23    ,  0.224455,
  0.226179}
  2/ 10|   1|   1.81   1.81 |   0.24
  2/ 10|   2|   2.08   1.94 |   0.22
  2/ 10|   3|   1.88   1.92 |   0.23
  2/ 10|   4|   1.98   1.94 |   0.23
Validation results: 
{ 0.23    ,  0.222705,  0.224625,  0.228465,  0.23    ,  0.224455,
  0.226179}
  3/ 10|   1|   1.90   1.90 |   0.22
  3/ 10|   2|   1.77   1.84 |   0.23
  3/ 10|   3|   1.88   1.85 |   0.23
  3/ 10|   4|   2.07   1.91 |   0.23
Validation results: 
{ 0.23    ,  0.222705,  0.224625,  0.228465,  0.23    ,  0.224455,
  0.226179}
  4/ 10|   1|   1.98   1.98 |   0.22
  4/ 10|   2|   1.70   1.84 |   0.30
  4/ 10|   3|   1.96   1.88 |   0.25
  4/ 10|   4|   1.85   1.87 |   0.23
Validation results: 
{ 0.23    ,  0.222705,  0.224625,  0.228465,  0.23    ,  0.224455,
  0.226179}
  5/ 10|   1|   1.92   1.92 |   0.18
  5/ 10|   2|   1.65   1.78 |   0.21
  5/ 10|   3|   2.05   1.87 |   0.22
  5/ 10|   4|   1.75   1.84 |   0.23
Validation results: 
{ 0.23    ,  0.222705,  0.224625,  0.228465,  0.23    ,  0.224455,
  0.226179}
  6/ 10|   1|   2.08   2.08 |   0.20
  6/ 10|   2|   1.60   1.84 |   0.25
  6/ 10|   3|   1.74   1.81 |   0.25
  6/ 10|   4|   1.82   1.81 |   0.23
Validation results: 
{ 0.23    ,  0.222705,  0.224625,  0.228465,  0.23    ,  0.224455,
  0.226179}
  7/ 10|   1|   2.01   2.01 |   0.12
  7/ 10|   2|   1.78   1.89 |   0.17
  7/ 10|   3|   1.58   1.79 |   0.23
  7/ 10|   4|   1.76   1.78 |   0.23
Validation results: 
{ 0.23    ,  0.222705,  0.224625,  0.228465,  0.23    ,  0.224455,
  0.226179}
  8/ 10|   1|   1.65   1.65 |   0.28
  8/ 10|   2|   1.67   1.66 |   0.27
  8/ 10|   3|   1.95   1.76 |   0.24
  8/ 10|   4|   1.73   1.75 |   0.23
Validation results: 
{ 0.23    ,  0.222705,  0.224625,  0.228465,  0.23    ,  0.224455,
  0.226179}
  9/ 10|   1|   1.80   1.80 |   0.20
  9/ 10|   2|   1.46   1.63 |   0.24
  9/ 10|   3|   1.63   1.63 |   0.25
  9/ 10|   4|   2.00   1.72 |   0.23
Validation results: 
{ 0.23    ,  0.222705,  0.224625,  0.228465,  0.23    ,  0.224455,
  0.226179}
 10/ 10|   1|   1.54   1.54 |   0.24
 10/ 10|   2|   1.60   1.57 |   0.25
 10/ 10|   3|   1.79   1.64 |   0.23
 10/ 10|   4|   1.84   1.69 |   0.23
Validation results: 
{ 0.235   ,  0.227136,  0.229057,  0.233465,  0.235   ,  0.228964,
  0.230688}
End the training ...
Evaluation result on the testing dataset: 
{ 0.235   ,  0.227136,  0.229057,  0.233465,  0.235   ,  0.228964,
  0.230688}
