Start the training ...
  1/ 10|   1|   5.19   5.19 |   0.18
  1/ 10|   2|   4.81   5.00 |   0.22
  1/ 10|   3|   4.59   4.86 |   0.23
  1/ 10|   4|   4.70   4.82 |   0.23
Validation results: 
{ 0.23    ,  0.228757,  0.229668,  0.229725,  0.23    ,  0.228766,
  0.229359}
  2/ 10|   1|   4.28   4.28 |   0.24
  2/ 10|   2|   5.01   4.65 |   0.22
  2/ 10|   3|   4.29   4.53 |   0.23
  2/ 10|   4|   4.36   4.48 |   0.23
Validation results: 
{ 0.235   ,  0.234128,  0.235038,  0.234725,  0.235   ,  0.234009,
  0.234601}
  3/ 10|   1|   4.10   4.10 |   0.24
  3/ 10|   2|   4.34   4.22 |   0.24
  3/ 10|   3|   3.94   4.12 |   0.25
  3/ 10|   4|   4.22   4.15 |   0.23
Validation results: 
{ 0.235   ,  0.234128,  0.235038,  0.234725,  0.235   ,  0.234009,
  0.234601}
  4/ 10|   1|   4.21   4.21 |   0.20
  4/ 10|   2|   3.36   3.79 |   0.28
  4/ 10|   3|   4.18   3.92 |   0.23
  4/ 10|   4|   3.50   3.81 |   0.24
Validation results: 
{ 0.235   ,  0.234128,  0.235038,  0.234725,  0.235   ,  0.234009,
  0.234601}
  5/ 10|   1|   3.66   3.66 |   0.22
  5/ 10|   2|   3.35   3.51 |   0.24
  5/ 10|   3|   3.77   3.59 |   0.23
  5/ 10|   4|   3.14   3.48 |   0.24
Validation results: 
{ 0.24    ,  0.238616,  0.239751,  0.239355,  0.24    ,  0.238624,
  0.239516}
  6/ 10|   1|   3.64   3.64 |   0.22
  6/ 10|   2|   2.80   3.22 |   0.26
  6/ 10|   3|   2.90   3.11 |   0.27
  6/ 10|   4|   3.29   3.16 |   0.24
Validation results: 
{ 0.24    ,  0.238616,  0.239751,  0.239355,  0.24    ,  0.238624,
  0.239516}
  7/ 10|   1|   3.28   3.28 |   0.16
  7/ 10|   2|   2.88   3.08 |   0.17
  7/ 10|   3|   2.38   2.85 |   0.24
  7/ 10|   4|   2.80   2.84 |   0.24
Validation results: 
{ 0.245   ,  0.243728,  0.244863,  0.244355,  0.245   ,  0.243703,
  0.244594}
  8/ 10|   1|   2.60   2.60 |   0.26
  8/ 10|   2|   2.22   2.41 |   0.29
  8/ 10|   3|   2.75   2.53 |   0.27
  8/ 10|   4|   2.52   2.52 |   0.25
Validation results: 
{ 0.255   ,  0.253744,  0.254847,  0.254419,  0.255   ,  0.253739,
  0.254582}
  9/ 10|   1|   2.43   2.43 |   0.20
  9/ 10|   2|   2.00   2.22 |   0.27
  9/ 10|   3|   2.13   2.19 |   0.28
  9/ 10|   4|   2.33   2.22 |   0.26
Validation results: 
{ 0.265   ,  0.26326 ,  0.264421,  0.264227,  0.265   ,  0.263341,
  0.264309}
 10/ 10|   1|   1.95   1.95 |   0.30
 10/ 10|   2|   1.95   1.95 |   0.30
 10/ 10|   3|   2.02   1.97 |   0.27
 10/ 10|   4|   1.84   1.94 |   0.27
Validation results: 
{ 0.28    ,  0.279516,  0.280463,  0.279904,  0.28    ,  0.279182,
  0.279703}
End the training ...
Evaluation result on the testing dataset: 
{ 0.28    ,  0.279516,  0.280463,  0.279904,  0.28    ,  0.279182,
  0.279703}
